offer_id,0b1e1539f2cc45b7b9fa7c272da2e1d7,2298d6c36e964ae4a3e7e9706d1fb8c2,2906b810c7d4411798c6938adc9daaa5,4d5c57ea9a6940dd891ad53e9dbe8da0,9b98b8c7a33c4b65b9aebfe6a799e6d9,ae264e3637204a6fb9bb56bc8210ddfd,f19421c1d4aa40978ebb69ca19b0e20d,fafdcd668e3743c1bb461111dcafc2a4
0b1e1539f2cc45b7b9fa7c272da2e1d7,0.9999999999999993,0.21941896781548523,0.22193588497247924,0.21940279471006954,0.2141153450000259,0.22582562336166265,0.2191618714017734,0.22287334407418383
2298d6c36e964ae4a3e7e9706d1fb8c2,0.21941896781548523,1.000000000000001,0.2206929174613687,0.20883316548882264,0.22100232992934485,0.20828834420638956,0.22977008681889374,0.2436068369339997
2906b810c7d4411798c6938adc9daaa5,0.22193588497247924,0.2206929174613687,0.9999999999999996,0.21281039683819786,0.22171319885942212,0.21163118564393021,0.21571161528845167,0.23144780226595138
4d5c57ea9a6940dd891ad53e9dbe8da0,0.21940279471006954,0.20883316548882264,0.21281039683819786,0.9999999999999994,0.21266875730717147,0.23478334691072897,0.20207025565064418,0.20889191893442607
9b98b8c7a33c4b65b9aebfe6a799e6d9,0.2141153450000259,0.22100232992934485,0.22171319885942212,0.21266875730717147,0.9999999999999993,0.2139966419641917,0.2209081121314649,0.22722968881645803
ae264e3637204a6fb9bb56bc8210ddfd,0.22582562336166265,0.20828834420638956,0.21163118564393021,0.23478334691072897,0.2139966419641917,0.9999999999999982,0.2208353734666459,0.21931372989514178
f19421c1d4aa40978ebb69ca19b0e20d,0.2191618714017734,0.22977008681889374,0.21571161528845167,0.20207025565064418,0.2209081121314649,0.2208353734666459,1.0000000000000007,0.22933085112475923
fafdcd668e3743c1bb461111dcafc2a4,0.22287334407418383,0.2436068369339997,0.23144780226595138,0.20889191893442607,0.22722968881645803,0.21931372989514178,0.22933085112475923,1.000000000000001
